 300
    1     n       1.000   0   1   0.5     8.071  awns
    2     p       1.000   1   0   0.5     7.289  awns
    3     d       2.000   1   1   1.0    13.136  awns
    4     t       3.000   1   2   0.5    14.950  awns
    5   he3       3.000   2   1   0.5    14.931  awns
    6   he4       4.000   2   2   0.0     2.425  awns
    7   li6       6.000   3   3   1.0    14.087  awna
    8   li7       7.000   3   4   1.5    14.908  awna
    9   be7       7.000   4   3   1.5    15.770  awna
   10   be9       9.000   4   5   1.5    11.348  awna
   11    b8       8.000   5   3   2.0    22.921  awns
   12   b10      10.000   5   5   3.0    12.051  awna
   13   b11      11.000   5   6   1.5     8.668  awna
   14   c11      11.000   6   5   1.5    10.650  awna
   15   c12      12.000   6   6   0.0     0.000  awna
   16   c13      13.000   6   7   0.5     3.125  awna
   17   c14      14.000   6   8   0.0     3.020  awns
   18   c15      15.000   6   9   0.5     9.873  awns
   19   c16      16.000   6  10   0.0    13.694  awns
   20   n13      13.000   7   6   0.5     5.345  awna
   21   n14      14.000   7   7   1.0     2.863  awna
   22   n15      15.000   7   8   0.5     0.101  awna
   23   n16      16.000   7   9   2.0     5.684  awns
   24   n17      17.000   7  10   0.5     7.871  awns
   25   n18      18.000   7  11   1.0    13.114  awns
   26   o14      14.000   8   6   0.0     8.007  awna
   27   o15      15.000   8   7   0.5     2.856  awna
   28   o16      16.000   8   8   0.0    -4.737  awns
   29   o17      17.000   8   9   2.5    -0.809  awns
   30   o18      18.000   8  10   0.0    -0.781  awns
   31   o19      19.000   8  11   2.5     3.335  awns
   32   o20      20.000   8  12   0.0     3.797  awns
   33   f17      17.000   9   8   2.5     1.952  awns
   34   f18      18.000   9   9   1.0     0.874  awns
   35   f19      19.000   9  10   0.5    -1.487  awns
   36   f20      20.000   9  11   2.0    -0.017  awns
   37   f21      21.000   9  12   2.5    -0.048  awns
   38   f22      22.000   9  13   4.0     2.793  awns
   39  ne18      18.000  10   8   0.0     5.317  awns
   40  ne19      19.000  10   9   0.5     1.751  awns
   41  ne20      20.000  10  10   0.0    -7.042  awns
   42  ne21      21.000  10  11   1.5    -5.732  awns
   43  ne22      22.000  10  12   0.0    -8.025  awns
   44  ne23      23.000  10  13   2.5    -5.154  awns
   45  ne24      24.000  10  14   0.0    -5.951  awns
   46  na21      21.000  11  10   1.5    -2.184  awns
   47  na22      22.000  11  11   3.0    -5.182  awns
   48  na23      23.000  11  12   1.5    -9.530  awns
   49  na24      24.000  11  13   4.0    -8.418  awns
   50  na25      25.000  11  14   2.5    -9.358  awns
   51  na26      26.000  11  15   3.0    -6.862  awns
   52  mg22      22.000  12  10   0.0    -0.397  awns
   53  mg23      23.000  12  11   1.5    -5.474  awns
   54  mg24      24.000  12  12   0.0   -13.934  awns
   55  mg25      25.000  12  13   2.5   -13.193  awns
   56  mg26      26.000  12  14   0.0   -16.215  awns
   57  mg27      27.000  12  15   0.5   -14.587  awns
   58  mg28      28.000  12  16   0.0   -15.019  awns
   59  al25      25.000  13  12   2.5    -8.916  awns
   60  al-6      26.000  13  13   5.0   -12.210  awns
   61  al*6      26.000  13  13   0.0   -12.210  awns
   62  al27      27.000  13  14   2.5   -17.197  awns
   63  al28      28.000  13  15   3.0   -16.850  awns
   64  al29      29.000  13  16   2.5   -18.215  awns
   65  al30      30.000  13  17   3.0   -15.872  awns
   66  si26      26.000  14  12   0.0    -7.145  awns
   67  si27      27.000  14  13   2.5   -12.384  awns
   68  si28      28.000  14  14   0.0   -21.493  awns
   69  si29      29.000  14  15   0.5   -21.895  awns
   70  si30      30.000  14  16   0.0   -24.433  awns
   71  si31      31.000  14  17   1.5   -22.949  awns
   72  si32      32.000  14  18   0.0   -24.081  awns
   73   p27      27.000  15  12   0.5    -0.720  awns
   74   p28      28.000  15  13   3.0    -7.159  awns
   75   p29      29.000  15  14   0.5   -16.953  awns
   76   p30      30.000  15  15   1.0   -20.201  awns
   77   p31      31.000  15  16   0.5   -24.441  awns
   78   p32      32.000  15  17   1.0   -24.305  awns
   79   p33      33.000  15  18   0.5   -26.337  awns
   80   p34      34.000  15  19   1.0   -24.558  awns
   81   s30      30.000  16  14   0.0   -14.063  awns
   82   s31      31.000  16  15   0.5   -19.045  awns
   83   s32      32.000  16  16   0.0   -26.016  awns
   84   s33      33.000  16  17   1.5   -26.586  awns
   85   s34      34.000  16  18   0.0   -29.932  awns
   86   s35      35.000  16  19   1.5   -28.846  awns
   87   s36      36.000  16  20   0.0   -30.664  awns
   88   s37      37.000  16  21   3.5   -26.896  awns
   89  cl32      32.000  17  15   1.0   -13.330  awns
   90  cl33      33.000  17  16   1.5   -21.003  awns
   91  cl34      34.000  17  17   0.0   -24.440  awns
   92  cl35      35.000  17  18   1.5   -29.014  awns
   93  cl36      36.000  17  19   2.0   -29.522  awns
   94  cl37      37.000  17  20   1.5   -31.762  awns
   95  cl38      38.000  17  21   2.0   -29.798  awns
   96  ar34      34.000  18  16   0.0   -18.377  awns
   97  ar35      35.000  18  17   1.5   -23.047  awns
   98  ar36      36.000  18  18   0.0   -30.232  awns
   99  ar37      37.000  18  19   1.5   -30.948  awns
  100  ar38      38.000  18  20   0.0   -34.715  awns
  101  ar39      39.000  18  21   3.5   -33.242  awns
  102  ar40      40.000  18  22   0.0   -35.040  awns
  103  ar41      41.000  18  23   3.5   -33.068  awns
  104  ar42      42.000  18  24   0.0   -34.423  awns
  105  ar43      43.000  18  25   1.5   -32.010  awns
  106   k36      36.000  19  17   2.0   -17.426  awns
  107   k37      37.000  19  18   1.5   -24.800  awns
  108   k38      38.000  19  19   3.0   -28.801  awns
  109   k39      39.000  19  20   1.5   -33.807  awns
  110   k40      40.000  19  21   4.0   -33.535  awns
  111   k41      41.000  19  22   1.5   -35.559  awns
  112   k42      42.000  19  23   2.0   -35.022  awns
  113   k43      43.000  19  24   1.5   -36.593  awns
  114   k44      44.000  19  25   2.0   -35.810  awns
  115   k45      45.000  19  26   1.5   -36.608  awns
  116  ca38      38.000  20  18   0.0   -22.059  awns
  117  ca39      39.000  20  19   1.5   -27.274  awns
  118  ca40      40.000  20  20   0.0   -34.846  awns
  119  ca41      41.000  20  21   3.5   -35.138  awns
  120  ca42      42.000  20  22   0.0   -38.547  awns
  121  ca43      43.000  20  23   3.5   -38.409  awns
  122  ca44      44.000  20  24   0.0   -41.468  awns
  123  ca45      45.000  20  25   3.5   -40.812  awns
  124  ca46      46.000  20  26   0.0   -43.135  awns
  125  ca47      47.000  20  27   3.5   -42.340  awns
  126  ca48      48.000  20  28   0.0   -44.214  awns
  127  sc40      40.000  21  19   4.0   -20.523  awns
  128  sc41      41.000  21  20   3.5   -28.642  awns
  129  sc42      42.000  21  21   0.0   -32.121  awns
  130  sc43      43.000  21  22   3.5   -36.188  awns
  131  sc44      44.000  21  23   2.0   -37.816  awns
  132  sc45      45.000  21  24   3.5   -41.068  awns
  133  sc46      46.000  21  25   4.0   -41.757  awns
  134  sc47      47.000  21  26   3.5   -44.332  awns
  135  sc48      48.000  21  27   6.0   -44.496  awns
  136  sc49      49.000  21  28   3.5   -46.552  awns
  137  ti42      42.000  22  20   0.0   -25.122  awns
  138  ti43      43.000  22  21   3.5   -29.321  awns
  139  ti44      44.000  22  22   0.0   -37.549  awns
  140  ti45      45.000  22  23   3.5   -39.006  awns
  141  ti46      46.000  22  24   0.0   -44.123  awns
  142  ti47      47.000  22  25   2.5   -44.932  awns
  143  ti48      48.000  22  26   0.0   -48.488  awns
  144  ti49      49.000  22  27   3.5   -48.559  awns
  145  ti50      50.000  22  28   0.0   -51.427  awns
  146  ti51      51.000  22  29   1.5   -49.728  awns
  147   v44      44.000  23  21   3.0   -24.120  awns
  148   v45      45.000  23  22   3.5   -31.880  awns
  149   v46      46.000  23  23   0.0   -37.073  awns
  150   v47      47.000  23  24   1.5   -42.002  awns
  151   v48      48.000  23  25   4.0   -44.475  awns
  152   v49      49.000  23  26   3.5   -47.957  awns
  153   v50      50.000  23  27   6.0   -49.222  awns
  154   v51      51.000  23  28   3.5   -52.201  awns
  155   v52      52.000  23  29   3.0   -51.441  awns
  156   v53      53.000  23  30   3.5   -51.849  awns
  157  cr46      46.000  24  22   0.0   -29.474  awns
  158  cr47      47.000  24  23   1.5   -34.558  awns
  159  cr48      48.000  24  24   0.0   -42.819  awns
  160  cr49      49.000  24  25   2.5   -45.331  awns
  161  cr50      50.000  24  26   0.0   -50.259  awns
  162  cr51      51.000  24  27   3.5   -51.449  awns
  163  cr52      52.000  24  28   0.0   -55.417  awns
  164  cr53      53.000  24  29   1.5   -55.285  awns
  165  cr54      54.000  24  30   0.0   -56.932  awns
  166  cr55      55.000  24  31   1.5   -55.107  awns
  167  mn48      48.000  25  23   4.0   -29.320  awns
  168  mn49      49.000  25  24   2.5   -37.616  awns
  169  mn50      50.000  25  25   0.0   -42.627  awns
  170  mn51      51.000  25  26   2.5   -48.241  awns
  171  mn52      52.000  25  27   6.0   -50.705  awns
  172  mn53      53.000  25  28   3.5   -54.688  awns
  173  mn54      54.000  25  29   3.0   -55.555  awns
  174  mn55      55.000  25  30   2.5   -57.711  awns
  175  mn56      56.000  25  31   3.0   -56.910  awns
  176  mn57      57.000  25  32   2.5   -57.487  awns
  177  fe50      50.000  26  24   0.0   -34.480  awns
  178  fe51      51.000  26  25   2.5   -40.222  awns
  179  fe52      52.000  26  26   0.0   -48.332  awns
  180  fe53      53.000  26  27   3.5   -50.945  awns
  181  fe54      54.000  26  28   0.0   -56.252  awns
  182  fe55      55.000  26  29   1.5   -57.479  awns
  183  fe56      56.000  26  30   0.0   -60.605  awns
  184  fe57      57.000  26  31   0.5   -60.180  awns
  185  fe58      58.000  26  32   0.0   -62.153  awns
  186  fe59      59.000  26  33   1.5   -60.663  awns
  187  fe60      60.000  26  34   0.0   -61.412  awns
  188  fe61      61.000  26  35   1.5   -58.921  awns
  189  co51      51.000  27  24   3.5   -27.270  awns
  190  co52      52.000  27  25   1.0   -33.920  awns
  191  co53      53.000  27  26   3.5   -42.645  awns
  192  co54      54.000  27  27   0.0   -48.009  awns
  193  co55      55.000  27  28   3.5   -54.028  awns
  194  co56      56.000  27  29   4.0   -56.039  awns
  195  co57      57.000  27  30   3.5   -59.344  awns
  196  co58      58.000  27  31   2.0   -59.846  awns
  197  co59      59.000  27  32   3.5   -62.228  awns
  198  co60      60.000  27  33   5.0   -61.649  awns
  199  co61      61.000  27  34   3.5   -62.898  awns
  200  co62      62.000  27  35   2.0   -61.432  awns
  201  ni54      54.000  28  26   0.0   -39.210  awns
  202  ni55      55.000  28  27   3.5   -45.336  awns
  203  ni56      56.000  28  28   0.0   -53.904  awns
  204  ni57      57.000  28  29   1.5   -56.082  awns
  205  ni58      58.000  28  30   0.0   -60.228  awns
  206  ni59      59.000  28  31   1.5   -61.156  awns
  207  ni60      60.000  28  32   0.0   -64.472  awns
  208  ni61      61.000  28  33   1.5   -64.221  awns
  209  ni62      62.000  28  34   0.0   -66.746  awns
  210  ni63      63.000  28  35   0.5   -65.513  awns
  211  ni64      64.000  28  36   0.0   -67.099  awns
  212  ni65      65.000  28  37   2.5   -65.126  awns
  213  ni66      66.000  28  38   0.0   -66.006  awns
  214  cu56      56.000  29  27   3.0   -38.600  awns
  215  cu57      57.000  29  28   1.5   -47.310  awns
  216  cu58      58.000  29  29   1.0   -51.662  awns
  217  cu59      59.000  29  30   1.5   -56.357  awns
  218  cu60      60.000  29  31   2.0   -58.344  awns
  219  cu61      61.000  29  32   1.5   -61.984  awns
  220  cu62      62.000  29  33   1.0   -62.798  awns
  221  cu63      63.000  29  34   1.5   -65.579  awns
  222  cu64      64.000  29  35   1.0   -65.424  awns
  223  cu65      65.000  29  36   1.5   -67.264  awns
  224  cu66      66.000  29  37   1.0   -66.258  awns
  225  cu67      67.000  29  38   1.5   -67.319  awns
  226  cu68      68.000  29  39   1.0   -65.567  awns
  227  zn59      59.000  30  29   1.5   -47.260  awns
  228  zn60      60.000  30  30   0.0   -54.188  awns
  229  zn61      61.000  30  31   1.5   -56.345  awns
  230  zn62      62.000  30  32   0.0   -61.171  awns
  231  zn63      63.000  30  33   1.5   -62.213  awns
  232  zn64      64.000  30  34   0.0   -66.004  awns
  233  zn65      65.000  30  35   2.5   -65.912  awns
  234  zn66      66.000  30  36   0.0   -68.899  awns
  235  zn67      67.000  30  37   2.5   -67.880  awns
  236  zn68      68.000  30  38   0.0   -70.007  awns
  237  zn69      69.000  30  39   0.5   -68.418  awns
  238  zn70      70.000  30  40   0.0   -69.565  awns
  239  zn71      71.000  30  41   0.5   -67.327  awns
  240  ga61      61.000  31  30   1.5   -47.090  awns
  241  ga62      62.000  31  31   0.0   -52.000  awns
  242  ga63      63.000  31  32   1.5   -56.547  awns
  243  ga64      64.000  31  33   0.0   -58.834  awns
  244  ga65      65.000  31  34   1.5   -62.657  awns
  245  ga66      66.000  31  35   0.0   -63.724  awns
  246  ga67      67.000  31  36   1.5   -66.880  awns
  247  ga68      68.000  31  37   1.0   -67.086  awns
  248  ga69      69.000  31  38   1.5   -69.328  awns
  249  ga70      70.000  31  39   1.0   -68.910  awns
  250  ga71      71.000  31  40   1.5   -70.140  awns
  251  ga72      72.000  31  41   3.0   -68.589  awns
  252  ga73      73.000  31  42   1.5   -69.699  awns
  253  ge63      63.000  32  31   0.5   -46.910  awns
  254  ge64      64.000  32  32   0.0   -54.350  awns
  255  ge65      65.000  32  33   1.5   -56.410  awns
  256  ge66      66.000  32  34   0.0   -61.620  awns
  257  ge67      67.000  32  35   0.5   -62.658  awns
  258  ge68      68.000  32  36   0.0   -66.980  awns
  259  ge69      69.000  32  37   2.5   -67.101  awns
  260  ge70      70.000  32  38   0.0   -70.563  awns
  261  ge71      71.000  32  39   0.5   -69.908  awns
  262  ge72      72.000  32  40   0.0   -72.586  awns
  263  ge73      73.000  32  41   4.5   -71.298  awns
  264  ge74      74.000  32  42   0.0   -73.422  awns
  265  ge75      75.000  32  43   0.5   -71.856  awns
  266  as65      65.000  33  32   1.5   -47.000  awns
  267  as66      66.000  33  33   2.0   -51.500  awns
  268  as67      67.000  33  34   2.5   -56.650  awns
  269  as68      68.000  33  35   3.0   -58.900  awns
  270  as69      69.000  33  36   2.5   -63.090  awns
  271  as70      70.000  33  37   0.0   -64.340  awns
  272  as71      71.000  33  38   2.5   -67.894  awns
  273  as72      72.000  33  39   2.0   -68.230  awns
  274  as73      73.000  33  40   1.5   -70.957  awns
  275  as74      74.000  33  41   2.0   -70.860  awns
  276  as75      75.000  33  42   1.5   -73.032  awns
  277  as76      76.000  33  43   2.0   -72.289  awns
  278  se67      67.000  34  33   1.5   -46.490  awns
  279  se68      68.000  34  34   0.0   -54.210  awns
  280  se69      69.000  34  35   1.5   -56.300  awns
  281  se70      70.000  34  36   0.0   -62.050  awns
  282  se71      71.000  34  37   1.5   -63.120  awns
  283  se72      72.000  34  38   0.0   -67.894  awns
  284  se73      73.000  34  39   4.5   -68.218  awns
  285  se74      74.000  34  40   0.0   -72.213  awns
  286  se75      75.000  34  41   2.5   -72.169  awns
  287  se76      76.000  34  42   0.0   -75.252  awns
  288  se77      77.000  34  43   0.5   -74.600  awns
  289  se78      78.000  34  44   0.0   -77.026  awns
  290  br69      69.000  35  34   4.5   -46.480  awns
  291  br70      70.000  35  35   5.0   -51.400  awns
  292  br71      71.000  35  36   2.5   -57.100  awns
  293  br72      72.000  35  37   3.0   -59.020  awns
  294  br73      73.000  35  38   0.5   -63.630  awns
  295  br74      74.000  35  39   0.0   -65.306  awns
  296  br75      75.000  35  40   1.5   -69.139  awns
  297  br76      76.000  35  41   1.0   -70.289  awns
  298  br77      77.000  35  42   1.5   -73.235  awns
  299  br78      78.000  35  43   1.0   -73.452  awns
  300  br79      79.000  35  44   1.5   -76.068  awns
